Age,32
Name , ValueG
Age,23
Name , ValueA
Age,22
Name , ValueB
Age,25
Name , ValueD
